2 50 4
160
160
160
160
1 23.10638254 -82.37276448 1
2 23.11346544 -82.41901174 1
3 23.12238371 -82.40620567 1
4 23.06338853 -82.35689323 1
5 23.12623183 -82.37510868 1
6 23.08813109 -82.34669281 1
7 23.09600671 -82.31008603 1
8 23.09077990 -82.34964928 1
9 23.00155772 -82.37351490 1
10 23.14459342 -82.39002981 1
11 23.10279634 -82.36987068 1
12 23.10769366 -82.38685277 1
13 23.09657065 -82.37132026 1
14 23.05416096 -82.27153195 1
15 23.09615474 -82.38017751 1
16 23.06429898 -82.37012454 1
17 23.07126801 -82.42605938 1
18 23.15707210 -82.29852855 1
19 23.11676549 -82.31265998 1
20 22.98521223 -82.46595456 1
21 23.12395255 -82.39367439
22 23.05795668 -82.38786204 
23 23.11879208 -82.40034772
24 23.08608930 -82.37516684
