2 96 4
195
195
195
195
  1  33.588  30.750  4
  2  48.828  65.314 12
  3  86.176  59.344  3
  4  39.270 -33.057 15
  5 -23.370  86.853 13
  6  48.132  95.593 20
  7 -16.357  93.311 21
  8 -57.703 -65.601  4
  9   7.147  32.684 25
 10  42.950  68.701 21
 11  37.085  -2.112  7
 12  77.759  55.817  3
 13 -17.462 -56.567  9
 14  58.575  59.888  5
 15  57.776  15.344 20
 16 -22.327  36.072 21
 17  -7.080  30.493 19
 18  55.658  60.425  2
 19 -14.307  11.456 16
 20 -29.724  24.268 18
 21  43.219   0.739 24
 22  45.184  35.474 24
 23  64.484   2.240  8
 24  55.078  72.241 16
 25  16.925  15.741 19
 26  45.038  -3.723 12
 27 -76.782   5.939  9
 28  36.169   0.256  3
 29  29.218   8.936 15
 30  65.057   5.225  4
 31  42.175 -22.284 24
 32  25.574  31.726 22
 33  31.561  37.262 14
 34  66.498 -54.169 11
 35  46.576 -17.938 20
 36  65.063  40.875  5
 37  -2.716  24.768 11
 38 -40.002   3.870 12
 39 -73.505  57.043  7
 40  81.146 -25.714  1
 41  12.006  -7.965 23
 42  42.761  38.092 13
 43   3.857 -23.181  4
 44  -7.367  24.390 23
 45  35.944 -11.835 17
 46  52.075   9.692 13
 47  30.725  30.701  9
 48  41.223  77.924 10
 49  68.884 -40.546 22
 50  76.312  86.670 21
 51  63.934  78.540 13
 52  29.150  -9.961 25
 53  85.522  39.954  8
 54  31.775   3.870 20
 55 -20.544  19.086  3
 56  55.353  43.817  4
 57  35.406  10.278 13
 58  25.464  -0.287 18
 59  12.396   0.244  1
 60  18.359  20.917 10
 61  27.960 -15.039 16
 62  -3.192  19.879  9
 63   9.332 -41.351 13
 64 -20.581  38.177 23
 65  27.820  28.729 14
 66  59.027  42.310  5
 67  56.311  58.734  1
 68 -51.654  -0.342  6
 69   2.576  32.721 20
 70  15.131  -3.046 10
 71  66.595  34.937 19
 72  19.476  20.142 24
 73  -1.172  20.648  3
 74 -21.204  13.660  5
 75  98.846   1.257 13
 76  82.593  72.003  5
 77  30.017 -30.896  4
 78  33.228  41.663 12
 79  39.490  -8.539 11
 80  54.498  70.813 20
 81   3.058  10.248 13
 82  51.831 -16.870  1
 83  76.416  11.346  3
 84   5.243   0.238  2
 85  50.592  34.247 23
 86  -5.231  -2.081  8
 87  24.194  25.836 25
 88  33.630  37.585 18
 89  31.445  -7.001  4
 90  30.707 -28.168  5
 91  49.860   1.038 21
 92 -35.767  14.142 23
 93 -29.309   4.889 19
 94  19.049  41.974  2
 95  27.600  13.934 21
 96  52.832  50.684 10
 97   6.229  10.590
 98  32.663  44.730
 99  48.807  48.792
100  33.179  -4.968
