5 240 4
180
180
180
180
  1  65.991 -49.829 10 
  2 -36.938 -36.743 25 
  3  -2.734  18.774 18 
  4  31.116 -35.907 16 
  5   2.789   8.008 14 
  6  31.152  43.665  7 
  7 -36.304 -21.307  9 
  8  52.814  35.046 16 
  9  11.267  20.660 24 
 10  -0.623  23.114  6 
 11  43.091 -12.360 22 
 12   6.854  19.073 11 
 13  -6.848  25.317 19 
 14 -27.930 -23.712 20 
 15  33.240 -30.487 20 
 16  63.885 -52.881 16 
 17 -13.672 -43.945  5 
 18  -0.647 -27.502 21 
 19  59.406 -49.261 19 
 20  27.167  -5.713 18 
 21  70.001 -20.844 22 
 22  35.327 -65.167 19 
 23 -14.386 -42.236 15 
 24  19.366  30.273 24 
 25 -39.789  10.101 20 
 26 -15.753 -40.204 17 
 27 -28.418 -40.503 20 
 28  27.081   9.735 12 
 29  22.205  -9.216 23 
 30  -0.830  -6.525 15 
 31  10.217  75.531 19 
 32   7.446  18.500 23 
 33  48.914 -20.294  9 
 34 -18.958 -29.675 21 
 35  16.815  -6.659 17 
 36   2.509 -30.420  6 
 37  15.424   4.913 10 
 38  60.315  89.801  9 
 39  40.405 -45.367 19 
 40 -26.837 -54.272 17 
 41  69.171  72.577 22 
 42 -22.815  46.173  8 
 43 -14.258 -30.249 25 
 44  76.050  12.073 13 
 45  63.043  60.022  1 
 46 -20.239 -81.970 15 
 47 -41.168 -42.023 16 
 48  79.199 -29.016 20 
 49 -20.728  -7.068 14 
 50  -4.163 -53.497  2 
 51  39.594 -40.460  5 
 52 -47.125 -77.850 16 
 53  -1.233  49.182 12 
 54  -0.372 -27.264  1 
 55  31.537  -8.722 15 
 56  -0.134 -20.264  5 
 57  66.394 -26.691  9 
 58   6.104 -64.093  8 
 59  13.544 -20.874  2 
 60  54.211  -6.537 10 
 61  22.046 -34.137 25 
 62  -9.723   4.706 24 
 63 -11.584 -46.857  7 
 64  -2.905  -0.305 14 
 65  13.837 -44.452  3 
 66  17.480  27.747 23 
 67   2.972 -43.689 21 
 68 -44.354 -38.202 13 
 69 -59.399   1.514 15 
 70 -13.452 -75.531 14 
 71  -5.518 -51.947  7 
 72  -9.589 -26.880 20 
 73  19.318  29.498  6 
 74  26.245  36.743 24 
 75  43.707 -28.033 17 
 76 -52.026 -35.339  3 
 77  -8.435  -0.116 15 
 78  89.111  62.122  6 
 79   6.067 -16.132 21 
 80  27.094  -5.103 25 
 81  27.527 -15.344 18 
 82  42.511  32.056  1 
 83  25.311  12.689 19 
 84  47.778 -12.769 17 
 85  -3.143 -13.837 20 
 86  12.482 -78.101  1 
 87 -21.039  -3.430 13 
 88  -3.149 -55.432 25 
 89  53.009  84.900 16 
 90  35.638 -47.552  5 
 91  43.427 -18.439 18 
 92   6.598 -54.578 17 
 93  87.952  94.012 15 
 94  39.105 -48.743 13 
 95 -48.340 -26.477 15 
 96  72.003  -9.253  2 
 97 -37.732   3.351  1 
 98 -65.967 -36.749  9 
 99 -16.669 -35.284 16 
100  10.742  -4.669  6 
101  15.594  -5.817 18 
102  21.606 -18.109 24 
103   9.784  49.280 24 
104  94.147  -4.492  9 
105  10.382 -16.302 19 
106  -1.453  -0.861 12 
107  -6.219  25.305 22 
108  -6.250  10.217 13 
109 -17.444 -70.795 20 
110 -55.090 -43.854 25 
111  -9.442  23.724  1 
112   8.978  35.406 24 
113 -16.754  -0.812 10 
114  66.852 -37.842 22 
115  14.716 -23.724 14 
116  33.472  20.026 12 
117  66.394 -70.111 23 
118  -5.664   8.881 14 
119  -5.103 -46.729 23 
120  -8.826  55.743 25 
121   5.847  -3.186  5 
122 -25.726 -37.695  7 
123 -15.363 -24.548 25 
124  43.793 -11.102 11 
125  17.664 -25.604 18 
126 -39.624  54.883 18 
127 -24.554 -43.225  1 
128 -26.892 -12.738  7 
129  34.155 -38.458 22 
130 -47.314 -29.468  7 
131  49.365 -25.592  3 
132   3.705 -16.449 18 
133  22.430 -23.273  8 
134 -37.549 -29.608  6 
135  25.549   3.674  7 
136 -15.216   3.284 20 
137 -12.939  -7.495 10 
138 -22.107  26.434  2 
139 -17.944   7.733  3 
140 -21.234  14.490 10 
141   3.503 -19.708  5 
142  32.599 -14.935 25 
143  -5.737 -28.296 23 
144  -6.128 -39.624 21 
145  -2.460  12.817 13 
146  -6.470   8.466  1 
147 -37.891 -36.115 11 
148  10.852 -18.750  6 
149  50.104   8.636  9 
150  46.844   4.712 17 
151  19.598 -10.406 13 
152 -38.947  52.942 23 
153  -0.641 -21.289 19 
154  40.906 -33.765 11 
155  -0.574 -62.299 12 
156  -9.778  26.794 18 
157  34.265 -23.895 25 
158  29.572 -24.561 13 
159  16.376 -58.887 24 
160  61.877 -15.167  5 
161  40.088  -9.625 14 
162   0.122  -4.645 18 
163  -8.929 -43.903 25 
164  -7.135 -57.434 11 
165   7.550 -21.210 18 
166   3.949   7.300 23 
167 -15.118  92.023 22 
168  84.821 -24.518 20 
169 -52.325  30.682 11 
170   7.538  13.818 11 
171 -21.484  30.359 19 
172  36.047  29.883 13 
173  12.781 -40.942 24 
174 -17.291 -10.254  6 
175 -10.541  12.402  5 
176 -15.845 -59.460 24 
177  29.266  -2.222  7 
178 -12.598 -58.929 13 
179 -17.303 -35.297 25 
180  57.050 -50.354 15 
181  26.941  17.444 15 
182  -6.195  -8.881 16 
183  16.980 -16.321  5 
184  83.710 -32.520 15 
185  12.451  34.589 24 
186  15.057  67.004 15 
187  25.818  -5.835  9 
188  13.666 -14.832 19 
189  48.322  -5.164 15 
190  13.489  19.739  2 
191 -18.512  65.405  3 
192  17.554  38.379 18 
193  37.775 -16.003 20 
194  47.968 -30.310 14 
195  38.806  36.243 10 
196 -16.089 -42.841  6 
197  28.656  -1.990 17 
198  -5.859  -1.862 20 
199  60.516  63.416  3 
200  63.196 -47.766 14 
201 -15.308 -23.285 12 
202  -2.875   0.787  2 
203  32.056 -10.175 11 
204 -18.634 -25.665 16 
205  -3.632  25.433 18 
206  10.480  22.888 14 
207   1.819  -3.009  6 
208 -25.275 -12.183 12 
209  56.927 -75.507 21 
210  13.885 -36.230  1 
211  32.520 -29.523 18 
212   4.803  -7.288 17 
213  11.365  -8.344 15 
214  17.126 -24.646  4 
215 -33.661 -41.241 18 
216 -32.391 -50.885 22 
217  23.041 -14.496 16 
218 -21.857 -39.502 14 
219  32.013  77.332 25 
220  13.831 -76.190 15 
221  -8.051 -21.179  6 
222  25.391  46.613  7 
223  49.536 -54.639 21 
224  63.416  -8.636  3 
225   2.301  -5.536 15 
226  52.423  29.895 24 
227   9.296 -16.254  2 
228  34.845 -96.185 17 
229 -21.063 -41.498  2 
230  28.448  10.242 25 
231  16.254 -22.583 15 
232 -36.639 -34.033  3 
233 -27.356 -50.177  1 
234 -53.705  11.334  1 
235  26.276  -5.994 20 
236 -31.519  34.589 19 
237 -14.612 -31.506  2 
238  -4.242 -30.865  9 
239 -18.524 -29.486  4 
240 -17.133 -19.397 16 
241  34.430 -17.151
242   0.269  -8.154
243   3.140  13.297
244  -3.113 -29.745
