1 72 6
200
200
200
200
200
200
  1 -92.700 -59.180 20
  2  71.179  12.543  6
  3  31.537  66.638 19
  4  -4.694  25.537 10
  5 -30.194  67.773 18
  6  12.677 -57.471  1
  7 -32.355 -20.966 15
  8  19.910  48.975 23
  9  13.202 -19.135 13
 10  54.877 -41.168 12
 11  15.063 -25.171  7
 12 -50.598 -16.418 25
 13 -29.730  17.078  5
 14  17.542   1.575  1
 15  11.127  77.216 25
 16  33.752  71.259 10
 17 -56.012 -10.394  2
 18  57.874 -16.290  7
 19  10.718 -18.787 11
 20  53.088 -18.750  4
 21   1.569   7.532  6
 22  31.531  48.944 15
 23 -66.833 -37.854  7
 24 -70.740  62.244  8
 25  32.538  23.096 10
 26 -51.453 -36.444  9
 27  36.456 -22.638  4
 28 -31.207  43.494  6
 29 -10.388  34.491 22
 30  14.722 -10.834 17
 31  47.095 -21.387  9
 32  43.781  34.766 25
 33  53.546 -67.487 10
 34  26.801  46.515 18
 35  63.385  11.981 21
 36  47.192  -5.475 10
 37 -16.315 -11.267 23
 38  78.900  17.651 23
 39  79.822  22.272 11
 40  12.878  16.919  1
 41 -67.981  -3.754 23
 42   9.198 -18.597 16
 43 -35.950 -19.141 10
 44  28.766  45.276 12
 45  11.469  68.231 12
 46 -22.760  45.496  3
 47 -65.674 -23.120 22
 48   7.239   1.599 21
 49 -29.785 -11.285 13
 50 -89.050  16.211 15
 51 -46.887  -3.363 13
 52 -14.972  30.621 20
 53 -17.035  49.774 10
 54  31.635  53.619 25
 55  -3.577  13.342  7
 56  33.008  58.960 15
 57 -92.950  63.263  2
 58  -9.137 -22.931 23
 59 -39.960   6.195  5
 60  28.430 -19.214 25
 61 -28.540  -3.485  9
 62  31.415  36.859  2
 63 -49.426  60.602 24
 64 -72.827 -27.765 13
 65  60.083 -45.905 20
 66  10.870  -3.900 13
 67  25.122   7.672 15
 68 -46.997 -17.474  4
 69  16.058  33.020 20
 70  25.409 -11.700  8
 71  68.323  -5.145 19
 72 -13.104  62.158 20
 73  42.395  -8.344
 74 -42.175 -14.554
 75  16.034  40.726
 76 -14.639  29.633
 77  16.049  -3.934
 78  46.112  12.430
