4 288 6
170
170
170
170
170
170
  1  12.805   1.886  10 	
  2  18.213   1.373  21 	
  3  57.947 -48.779   8 	
  4 -52.429 -84.088  23 	
  5  60.797 -32.593  10 	
  6  23.151   4.205   9 	
  7  25.385  22.986  21 		
  8  25.513 -52.985  16 	
  9 -49.261 -41.718  21 		
 10 -37.561 -41.730   3 	
 11 -14.520  48.962  24 		
 12  41.229 -24.500   2 	
 13 -21.863   0.916   4 	
 14 -48.181 -16.284  18 	
 15  -7.776  44.348   5	
 16  20.801  10.760  13 	
 17 -29.712 -46.326  13 	
 18 -20.203 -59.564  14 	
 19 -87.079 -52.899  10 	
 20   3.046  -6.305   3 		
 21  11.865   5.261   1 	
 22 -24.072 -55.927  11	
 23 -22.803   5.658  16 	
 24 -51.904   9.412   6 	
 25  12.732 -40.967  18 	
 26 -30.988   7.654  11 	
 27  37.512   0.458  15 	
 28   2.954  -8.563  17	
 29   0.549   3.644  17 	
 30 -52.484   9.711   1 	
 31  33.936 -48.718   1 	
 32 -13.129 -53.601  18 	
 33 -99.591  23.303   3	
 34   6.439  -3.516  21	
 35 -14.032 -19.818  22 	
 36 -24.677  16.608  14 	
 37 -10.260 -81.769   4 	
 38  35.858   5.597  17 	
 39 -11.603  42.908  16	
 40 -34.662 -15.466   8 	
 41  66.852   1.135  14 	
 42   6.866  -1.416  23 	
 43   1.660  -2.234   1	
 44  37.561  11.450  21 	
 45  51.672 -26.343  10 	
 46  19.025 -10.889  19	
 47 -37.982  -6.360   6 	
 48 -56.537 -42.334   4 	
 49   1.099 -14.624  18 	
 50 -56.238  -3.076  23 	
 51 -23.669 -15.289  25 	
 52 -34.277  -1.410  17	
 53 -64.178  63.812  11 	
 54 -47.083 -20.386  20 	
 55 -33.710   8.380   9 	
 56  34.290  26.031  23 	
 57 -38.861  42.114  14 	
 58 -92.731  44.885   7 	
 59  23.633  27.643  15 	
 60 -67.139 -67.078  22 	
 61  25.726 -25.836   4 	
 62 -40.985 -16.895  14 	
 63  77.008  -6.097  24 	
 64 -54.810  -1.935  13 	
 65 -53.943 -29.663   9 	
 66  16.089 -27.887   3 		
 67 -59.436  36.487  23 	
 68  34.473  25.391   2 	
 69  -9.283  -6.689  23 		
 70 -85.559 -20.477   8 	
 71  29.523  18.347  23 	
 72  27.814   6.512  13	
 73  42.151 -25.580  25 		
 74  82.202  85.828  25 	
 75 -47.766 -35.590  20 	
 76  22.015 -20.349   9 	
 77 -55.756 -33.490  15 	
 78  62.006  -1.453   4 	
 79  25.549  -3.796   1 	
 80 -43.372  -7.379   7 	
 81  60.297  52.637  12 	
 82 -96.155  34.100   5	
 83 -32.806  -3.845   8 	
 84 -47.827 -45.203   1 	
 85 -31.128 -93.848  24 	
 86 -17.010 -21.857  23 	
 87  -8.386  -2.264  12 	
 88  35.834  13.147   2 	
 89  29.315  54.468  22 	
 90  48.352  -8.783   3 	
 91  -2.930  27.039  12 	
 92 -16.620 -55.389  16 	
 93 -40.851 -47.742   8 	
 94 -12.878  -2.039  25 	
 95 -51.776   7.281   6	
 96 -32.922  23.828  24 	
 97  13.983 -34.521  16 	
 98 -35.834 -23.834   7 	
 99  91.858   5.542   9 	
100 -28.442 -34.180  23 	
101  33.844  27.875  24 		
102  98.431  31.348  19 	
103 -57.751 -27.753   9 	
104 -43.890  13.007  10	
105  37.585  49.768  23 	
106  -3.687   7.373   2	
107 -98.242  61.658   5 		
108 -23.560 -32.520  25 	
109  22.980 -18.109  17 	
110  43.915  -2.985  23 	
111  71.509  11.652  23 	
112 -43.011 -38.702  13 	
113 -83.954   2.179   2 	
114  11.090 -40.942  24 	
115  27.173 -13.330  22 		
116 -86.102 -59.808  20 	
117 -22.345 -78.278  15 	
118 -38.727 -33.588  12 	
119  -1.227 -28.668  17 	
120  81.329 -44.244  21 	
121  51.904  19.891  10 	
122 -34.973 -27.856   4 		
123 -51.483 -23.248  21	
124  -0.647 -46.057   3	
125  68.219 -66.986  17 	
126 -15.149 -25.482  19 	
127  22.412 -34.375  10 	
128  36.176 -10.431  21 	
129 -23.639 -47.681  21	
130 -14.722  32.684   6 	
131  16.821 -12.720   8 	
132  93.378  23.004   8 	
133  40.344 -24.176  13 	
134   5.530  -4.901   7 	
135 -78.015   1.270  11 	
136  51.569 -45.673  18 	
137  49.249 -30.896  10 	
138 -62.195 -21.399  25	
139  -5.048   7.306   7 	
140   1.727 -70.221  17 	
141   1.361  -3.564  20 	
142 -15.521  16.425  18 	
143 -31.604 -60.938  21 	
144 -46.997 -55.560  14 	
145   2.301   5.536   2 	
146 -30.328  -0.580  18 	
147 -16.821  17.664  10 		
148  52.655  29.034   5 	
149 -11.993 -83.771  15 	
150  41.632  43.048  17 	
151   8.508  -2.539  12 	
152  31.512  -8.978  14 	
153  -3.339 -36.243   3 	
154 -26.379  13.776   7	
155  28.430  10.571  21 	
156   5.975  27.289   7 	
157 -32.135 -45.068   5 	
158  31.097  -7.916  24 	
159  28.198 -29.755  13 		
160 -39.612 -33.594  18 	
161 -19.220  -5.133  19 	
162 -10.114  69.977  22 	
163  22.894 -44.348  13 	
164 -34.741   0.580  10 	
165 -44.952 -77.734   4 	
166 -23.749 -56.012  17 	
167  69.073 -97.125   2 	
168  12.170 -59.869  18 		
169  47.339  17.365   2 	
170  -4.706  14.056  18 	
171 -52.374 -50.244  13 	
172  39.215 -29.773  24 	
173 -42.316 -60.602  25 	
174  19.135  41.150   2 	
175 -54.706 -17.596   2 	
176  11.737 -83.173   7 	
177 -40.582 -53.247  23 	
178  -6.421  21.967  21 	
179 -31.268 -34.613  18 	
180  -3.668 -26.868  21 	
181  13.409 -22.302  23 	
182 -95.892 -86.322  16 	
183  88.983 -53.387  22 	
184 -55.048 -32.538  11 	
185  27.850 -10.028  22 	
186  40.918 -36.090  10 	
187 -58.350  15.814  15	
188 -52.161 -74.725  23 	
189 -66.772 -34.943   7 	
190 -33.374 -62.024   1	
191  -8.649  31.708  21 	
192 -26.166 -56.152  11	
193 -39.874 -53.375   2 	
194  71.643 -36.981  24 		
195 -96.924   8.411  25 	
196  -2.911  36.200  17 	
197 -53.253  14.099  10 	
198  67.316 -39.734  18 	
199  -6.525  11.975   2	
200  16.425  33.221  12 	
201 -19.061 -56.921   4 	
202  25.189 -21.045   1 	
203  37.854  -5.524   1	
204 -16.479  48.657   6 	
205   2.344 -16.516  22 	
206 -48.621 -12.390  25 	
207 -42.621 -50.006  21 	
208  16.016  11.169  18 	
209 -80.408 -60.583  14 	
210 -95.068  44.293  21 	
211  -6.885  24.884   4 	
212  -4.803  21.674   1	
213   7.037 -45.337  18 	
214  31.293 -39.905   4 	
215  14.984  26.172   4 	
216  33.203 -52.289   5 	
217 -59.277  39.667  15	
218  30.054 -36.823   5 	
219   9.351 -39.044  22 	
220 -10.651  54.431  21 	
221  20.856 -26.465  17	
222  19.617  17.865   8 	
223 -36.981 -92.950   4 	
224  -3.760  59.875   4	
225  11.682 -63.336  16 	
226   4.468 -36.133   5 	
227  47.040 -41.254  15 	
228  29.938 -58.710  25 	
229 -70.569  -7.037  15 	
230  56.262   1.819   7	
231  46.210 -53.522  19	
232   6.366 -14.264  11 	
233 -34.540 -39.502  13	
234 -50.537  28.357  24 		
235 -61.444 -10.901   4 			
236 -30.823  17.902  13 	
237  49.658  24.469   6 	
238 -69.775 -41.406   4 	
239 -18.939  57.690  12	
240 -22.449  15.771   4 	
241  -7.599  37.030   4 	
242  27.435  17.554  25 	
243  45.526  -5.127  25 	
244 -33.551 -25.586  14 	
245  -4.645  53.754  25 	
246 -41.119 -13.361  13	
247  23.010 -45.703  13 	
248  17.230   5.096  11 	
249  -6.818 -19.873  24 	
250  52.966  51.410   5	
251 -28.662 -50.940  12 		
252  69.684 -51.520   4 	
253  36.884 -17.371   5 	
254 -19.659  42.035  24 	
255  72.125  65.405  17 	
256 -71.368  59.863   4 	
257  18.317 -37.750   1 	
258  18.121   0.482  19 	
259  -1.105 -30.676   7 	
260 -44.574 -44.055  24 	
261 -28.058 -59.436  10 	
262  -7.953   4.639  13 	
263 -37.366 -28.528  24 	
264   4.388 -38.489   3	
265 -44.592 -35.333  14 	
266 -56.714 -39.252   2 	
267  13.452 -32.159  24 		
268 -20.343 -11.182  11 	
269   3.436 -52.734   5 	
270  40.576 -54.492  14 	
271  31.952 -25.421  21 	
272 -57.434  38.525  14 	
273  47.510 -42.035  15 	
274 -28.143 -41.614   3 		
275  -2.258  -5.078  15 	
276 -27.167 -27.936  15	
277 -24.048 -47.192  21 	
278 -77.521 -55.084  17	
279 -62.036 -43.439  18 	
280 -71.936 -20.160  15 	
281 -66.504 -39.789  19 	
282  14.587  48.444   9 	
283  31.366 -29.462  10 	
284   6.512 -46.124  13 	
285   9.650  39.508  25 	
286  16.040  16.681   1 		
287   7.745 -75.378  11 	
288 -27.173  -4.462  25 	
289 -40.198 -12.781   	
290 -40.488 -35.864   	
291  -1.193   2.515   		
292  18.329 -35.468  	
293  23.746  -0.522 	
294 -46.396 -39.923   	
