5 468 5
590
580
570
590
580
  1 -99 -97    6 	
  2 -59  50   72 	
  3   0  14   93 	
  4 -17 -66   28 	
  5 -69 -19    5 	
  6  31  12   43 	
  7   5 -41    1 	
  8 -12  10   36 	
  9 -64  70   53 	
 10 -12  85   63 	
 11 -18  64   25	
 12 -77 -16   50 	
 13 -53  88   57 		
 14  83 -24    1 	
 15  24  41   66 	
 16  17  21   37 		
 17  42  96   51 	
 18 -65   0   47 		
 19 -47 -26   88 	
 20  85  36   75	
 21 -35 -54   48 	
 22  54 -21   40 	
 23  64 -17    8	
 24  55  89   69 	
 25  17 -25   93 	
 26 -61  66   29 	
 27 -61  26    5 	
 28  17 -72   53 	
 29  79  38    8 	
 30 -62  -2   24 	
 31 -90 -68   53 	
 32  52  66   13 	
 33 -54 -50   47 		
 34   8 -84   57 	
 35  37 -90    9 	
 36 -83  49   74 	
 37  35  -1   83 	
 38   7  59   96 		
 39  12  48   42 	
 40  57  95   80 	
 41  92  28   22 	
 42  -3  97   56 	
 43  -7  52   43 	
 44  42 -15   12 	
 45  77 -43   73 	
 46  59 -49   32 	
 47  25  91    8 	
 48  69 -19   79	
 49 -82 -14   79 	
 50  74 -70    4 	
 51  69  59   14 	
 52  29  33   17 	
 53 -97   9   19 	
 54 -58   9   44 	
 55  28  93    5 	
 56   7  73   37	
 57 -28  73  100 	
 58 -76  55   62 	
 59  41  42   90	
 60  92  40   57	
 61 -84 -29   44 	
 62 -12  42   37 	
 63  51 -45   80 	
 64 -37  46   60 	
 65 -97  35   95 	
 66  14  89   56 	
 67  60  58   56 	
 68 -63 -75    9 	
 69 -18  34   39 	
 70 -46 -82   15 	
 71 -86 -79    4 	
 72 -43 -30   58 	
 73 -44   7   73 	
 74  -3 -20    5 	
 75  36  41   12 	
 76 -30 -94    3	
 77  79 -62    8 		
 78  51  70   31 	
 79 -61 -26   48 	
 80   6  94    3	
 81 -19 -62   52 	
 82 -20  51   99 	
 83 -81  37   29 	
 84   7  31   12 	
 85  52  12   50 	
 86  83 -91   98 	
 87  -7 -92    4 	
 88  82 -74   56 	
 89 -70  85   24 	
 90 -83 -30   33 	
 91  71 -61   45 	
 92  85  11   98 	
 93  66 -48    4 	
 94  78 -87   36 		
 95   9 -79   72 	
 96 -36   4   26 	
 97  66  39   71	
 98  92 -17   84 	
 99 -46 -79   21 	
100 -30 -63   99	
101 -42  63   33 	
102  20  42   84	
103  15  98   74		
104   1 -17   93 	
105  64  20  25 	
106 -96  85   39 	
107  93 -29   42 	
108 -40 -84   77 		
109  86  35   68 	
110  91  36   50 	
111  62  -8   42 	
112 -24   4   71 	
113  11  96   85 	
114 -53  62   78 		
115 -28 -71   64 	
116   7  -4    5 	
117  95  -9   93 	
118  -3  17   18	
119  53 -90   38 	
120  58 -19   29 	
121 -83  84   81 	
122  -1  49    4 	
123  -4  17   23 	
124 -82  -3   11 	
125 -43  47   86 	
126   6  -6    2 	
127  70  99   31 	
128  68 -29   54 	
129 -94 -30   87 	
130 -94 -20   17 	
131 -21  77   81 	
132  64  37   72 		
133 -70 -19   10 	
134  88  65   50 	
135   2  29   25 	
136  33  57   71 	
137 -70   6   85 	
138 -38 -56   51 	
139 -80 -95   29 	
140  -5 -39   55 	
141   8 -22   45 	
142 -61 -76  100 	
143  76 -22   38 	
144  49 -71   11 	
145 -30 -68   82 	
146   1  34   50 	
147  77  79   39 	
148 -58  64   6 	
149  82 -97   87 	
150 -80  55   83 	
151  81 -86   22 	
152  39 -49   24 	
153 -67  72   69 	
154 -25 -89   97 	
155 -44 -95   65 	
156  32 -68   97 	
157 -17  49  79 	
158  93  49   79 	
159  99  81   46 	
160  10 -49   52 	
161  63 -41   39 	
162  38  39   94 	
163 -28  39   97 	
164  -2 -47   18 	
165  38   8    3 	
166 -42  -6   23 	
167 -67  88   19 	
168  19  93   40 	
169  40  27   49 	
170 -61  56   96 	
171  43  33   58 	
172 -18 -39   15 	
173 -69  19   21 	
174  75 -18   56 	
175  31  85   67 	
176  25  58   10 	
177 -16  36   36 	
178  91  15   84 	
179  60 -39   59 	
180  49 -47   85 	
181  42  33   60 	
182  16 -81   33 	
183 -78  53   62 		
184  53 -80   70 	
185 -46 -26   79 	
186 -25 -54   98 	
187  69 -46   99 	
188   0 -78   18 	
189 -84  74   55 	
190 -16  16   75 	
191 -63 -14   94 	
192  51 -77   89 	
193 -39  61   13 	
194   5  97   19 	
195 -55  39   19 	
196  70 -14   90 	
197   0  95   35 	
198 -45   7   76 	
199  38 -24    3 	
200  50 -37   11 	
201  59  71   98 	
202 -73 -96   92 	
203 -29  72    1 	
204 -47  12    2 	
205 -88 -61   63 	
206 -88  36   57 	
207 -46  -3   50 	
208  26 -37   19 	
209 -39 -67   24 	
210  92  27   14 	
211 -80 -31   18 	
212  93 -50   77 	
213 -20  -5   28 	
214 -22  73   72 	
215  -4  -7   49 	
216  54 -48   58 	
217 -70  39   84 	
218  54 -82   58 	
219  29  41   41 	
220 -87  51   98 	
221 -96 -36   77 	
222  49   8   57 	
223  -5  54   39 	
224 -26  43   99 	
225 -11  60   83 	
226  40  61   54 	
227  82  35   86 	
228 -92  12    2 	
229 -93 -86   14 	
230 -66  63   42	
231 -72 -87   14 	
232 -57 -84   55 	
233  23  52    2 	
234 -56 -62   18 
235 -19  59   17 	
236  63 -14   22 	
237 -13  38   28 	
238 -19  87    3 	
239  44 -84   96 	
240  98 -17   53 	
241 -16  62   15 	
242   3  66   36 	
243  26  22   98 	
244 -38 -81   78 	
245  70 -80   92 	
246  17 -35   65 	
247  96 -83   64 	
248 -77  80   43 	
249 -14  44   50
250 37 52 7 
251 49 49 30 
252 52 64 16
253 20 26 9 
254 40 30 21
255 21 47 15
256 17 63 19
257 31 62 23
258 52 33 11
259 51 21 5 
260 42 41 19 
261 31 32 29 
262  5 25 23 
263 12 42 21 
264 36 16 10 
265 52 41  15
266 27 23  3 
267 17 33  41 
268 13 13   9 
269 57 58  28 
270 62 42   8 
271 42 57   8 
272 16 57  16 
273  8 52   10
274  7 38   28
275 27 68    7
276 30 48   15
277 43 67   14
278 58 48    6
279 58 27   19
280 37 69  11 
281 38 46   12
282 46 10   23
283 61 33   26
284 62 63   17
285 63 69    6
286 32 22    9
287 45 35   15
288 59 15   14
289  5  6    7
290 10 17   27
291 21 10   13
292  5 64   11
293 30 15   16
294 39 10   10
295 32 39    5
296 25 32   25
297 8 25 55   17
298 48 28   18
299 56 37   10
300 -10 -10 12 	
301 -10   0  12 		
302 -10  10  12 	
303   0 -10  12 	
304   0  10 12 	
305  10 -10  12 		
306  10   0  12 	
307  10  10  12 	
308 -20 -20   8 		
309 -20   0   8 	
310 -20  20   8 	
311   0 -20   8 	
312   0  20   8 	
313  20 -20   8 	
314  20   0   8 	
315  20  20   8 	
316 -30 -30   4 	
317 -30   0   4 	
318 -30  30   4 		
319   0 -30   4 	
320   0  30   4 	
321  30 -30   4 	
322  30   0  4 	
323  30  30   4 	
324 -40 -40   2 	
325 -40   0   2 	
326 -40  40   2 	
327   0 -40   2 	
328   0  40   2 	
329  40 -40   2 	
330  40   0   2 	
331  40  40   2 	
332 -50 -50   1 	
333 -50   0   1 	
334 -50  50   1 	
335   0 -50   1 	
336   0  50  1 	
337  50 -50   1 	
338  50   0   1 	
339  50  50   1 	
340 100 -10  12 	
341 100   0  12 	
342 100  10  12 	
343 110 -10  12 	
344 110  10 12 	
345 120 -10  12 		
346 120   0  12 	
347 120  10  12	
348  90 -20   8 	
349  90   0   8 	
350  90  20   8 	
351 110 -20   8 		
352 110  20   8 	
353 130 -20   8 	
354 130   0  8 		
355 130  20   8 	
356  80 -30   4 	
357  80   0   4 	
358  80  30   4 	
359 110 -30   4 	
360 110  30   4 	
361 140 -30   4 	
362 140   0   4 	
363 140  30   4 	
364  70 -40   2 	
365  70   0   2	
366  70  40   2 	
367 110 -40  2 	
368 110  40   2 	
369 150 -40   2 	
370 150   0   2 	
371 150  40   2 	
372  60 -50   1 	
373  60   0   1 	
374  60  50   1 	
375 110 -50   1 	
376 110  50   1 	
377 160 -50  1 	
378 160   0   1 	
379 160  50   1 	
380 100 100  12 			
381 100 120  12 	
382 110 100 12 	
383 110 120  12 		
384 120 100  12 	
385 120 110  12 	
386 120 120  12 		
387  90  90   8 	
388  90 110   8 	
389  90 130   8 
390 100 110  12	
391 110  90   8 		
392 110 130   8 	
393 130  90   8 	
394 130 110   8 	
395 130 130   8 	
396  80  80  4 	
397  80 110   4 	
398  80 140   4 	
399 110  80   4 	
400 110 140   4 	
401 140  80  4 	
402 140 110   4	
403 140 140   4 	
404  70  70   2 	
405  70 110  2 	
406  70 150   2 	
407 110  70   2 	
408 110 150   2 	
409 150  70   2	
410 150 110   2		
411  60  60   1 	
412  60 110   1 	
413  60 160   1 	
414 110  60   1 			
415 110 160   1 	
416 160  60   1 	
417 160 110   1 	
418 160 160   1 	
419 -10 100  12 
420 150 150  2
421  -10 -10 12 	
422  -10   0  12 	
423  -10  10  12 	
424    0 -10  12 		
425    0  10  12 	
426   10 -10  12 	
427   10   0  12 	
428   10  10  12 	
429  -20 -20   8 	
430 -10 110  12 	
431 -10 120 12	
432   0 100  12 	
433   0 120  12 	
434  10 100 12	
435  10 110  12 	
436  10 120  12 	
437 -20  90   8 	
438 -20 110   8 	
439 -20 130  8 	
440   0  90   8 	
441   0 130   8	
442  20  90   8 	
443  20 110  8 	
444  20 130   8 	
445 -30  80   4 	
446 -30 110  4 	
447 -30 140   4 		
448   0  80   4 	
449   0 140   4 	
450  30  80   4 	
451  30 110   4	
452  30 140  4 	
453 -40  70   2	
454 -40 110   2 	
455 -40 150   2 	
456   0  70   2 	
457   0 150   2 	
458  40  70   2 	
459  40 110   2 	
460  40 150   2 	
461 -50  60  1 	
462 -50 110   1 	
463 -50 160   1 	
464   0  60   1 	
465   0 160   1 	
466  50  60   1 	
467  50 110   1 	
468  50 160   1 		
469  70   0    
470  40  80    
471  40 -80    
472 -60  20 
473 -60 -20 