2 50 4
160
160
160
160
1    23.10638254   -82.37276448   1
2    23.11346544   -82.41901174   1
3    23.12238371   -82.40620567   1
4    23.06338853   -82.35689323   1
5    23.12623183   -82.37510868   1
6    23.08813109   -82.34669281   1
7    23.09600671   -82.31008603   1
8    23.09077990   -82.34964928   1
9    23.00155772   -82.37351490   1
10   23.14459342   -82.39002981   1
11   23.10279634   -82.36987068   1
12   23.10769366   -82.38685277   1
13   23.09657065   -82.37132026   1
14   23.05416096   -82.27153195   1
15   23.09615474   -82.38017751   1
16   23.06429898   -82.37012454   1
17   23.07126801   -82.42605938   1
18   23.15707210   -82.29852855   1
19   23.11676549   -82.31265998   1
20   22.98521223   -82.46595456   1
21   23.12395255   -82.39367439   1
22   23.05795668   -82.38786204   1
23   23.11879208   -82.40034772   1
24   23.08608930   -82.37516684   1
25   23.08290016   -82.32123329   1
26   23.07788617   -82.42841436   1
27   23.03527057   -82.24523586   1
28   23.06826042   -82.34173035   1
29   23.04997024   -82.36121966   1
30   22.99130490   -82.39523624   1
31   23.10844978   -82.43359803   1
32   23.08955018   -82.48204561   1
33   23.09189627   -82.36977500   1
34   23.10627116   -82.35395029   1
35   23.05692509   -82.27519585   1
36   23.06425978   -82.43742322   1
37   23.13652973   -82.38698496   1
38   23.13822858   -82.39728577   1
39   23.13715172   -82.37029918   1
40   23.03481755   -82.44912101   1
41   22.98716787   -82.46680213   1
42   22.98789876   -82.46718837   1
43   23.09453130   -82.39152326   1
44   23.11636472   -82.41439177   1
45   23.12825200   -82.30807702   1
46   23.06071549   -82.47127066   1
47   23.09013951   -82.41799702   1
48   23.11415564   -82.37428604   1
49   23.01474502   -82.38989247   1
50   23.13691697   -82.39320232   1
51   23.06143803   -82.39465854
52   23.08270500   -82.37820507
53   23.10051372   -82.35097808
54   23.10570318   -82.33145116