13 490 4
40
40
40
40
1 23.12855994 -82.3838616
2 23.0997054 -82.35937707
3 23.02598832 -82.49246551
4 23.09178275 -82.36450268
5 23.06098152 -82.33837474
6 23.09676889 -82.37641342
7 23.00818313 -82.44178995
8 23.10726337 -82.35574259
9 23.1058597-82.32862986
10 23.14043226 -82.38824962
11 23.09653669 -82.31232817
12 23.0534891 -82.27472531
13 23.10918855 -82.365100
14 23.11748714 -82.39617152
15 23.05289617 -82.3855436
16 23.1344282 -82.37000926
17 23.08826926 -82.39401771
18 23.13455687 -82.3782621
19 23.08384766 -82.36432029
20 23.05219673 -82.40150213
21 23.0610739 -82.39986055
22 23.08321255 -82.38627884
23 23.09986063 -82.35520992
24 23.15062773 -82.31116298
25 23.08469523 -82.44337438
26 23.10584742 -82.38900504
27 23.05365979 -82.469018
28 23.08459778 -82.38313597
29 23.07682199 -82.42241366
30 23.11630075 -82.41455376
31 23.02501177 -82.37165631
32 23.0942613 -82.38224868
33 23.14110761 -82.39632544
34 23.05925974 -82.39136411
35 23.05442133 -82.44896947
36 23.11002157 -82.4046929
37 23.06647936 -82.29572755
38 23.0467438 -82.27102525
39 23.11497162 -82.39454247
40 23.08353059 -82.37002535
41 22.99925417 -82.38257876
42 23.03125751 -82.24980024
43 23.07394406 -82.51917514
44 23.11059409 -82.32244944
45 23.11550528 -82.3824638
46 23.10402275 -82.29302174
47 23.07812516 -82.4322445
48 23.10026685 -82.32864568
49 23.1249047 -82.37192167
37 23.12457206 -82.37310761
50 23.10050687 -82.3869711
51 23.06995026 -82.29891194
52 23.14409192 -82.39053344
53 23.10267676 -82.37463394
54 23.04631744 -82.27041079
55 23.0892678 -82.37035377
56 23.05835555 -82.40124358
57 23.10079122 -82.36720677
58 23.05090173 -82.36758299
59 23.09191731 -82.35900567
60 23.08163594 -82.3408892
61 23.07506325 -82.50676705
62 23.04000378 -82.25739288
63 23.01822951 -82.46395336
64 23.09324573 -82.38341002
65 23.14408435 -82.39224298
66 23.05824296 -82.47526719
67 23.10117298 -82.38342472
68 23.11323652 -82.39445452
69 23.13796275 -82.39410354
70 23.07605523 -82.35195531
71 23.113105 -82.38774605
72 23.05609319 -82.44239893
73 23.08813109 -82.3502977
74 23.09911282 -82.33499594
75 22.96881486 -82.37642164
76 23.01971895 -82.32205722
77 23.00452958 -82.39434121
78 23.13944536 -82.37877984
79 22.98129551 -82.37958345
80 23.05175218 -82.46384634
81 23.11895489 -82.38540782
82 22.99017041 -82.46242477
83 23.10396237 -82.41739442
84 23.09600671 -82.35196067
85 23.06600188 -82.34475089
86 23.07195978 -82.46702297
87 23.11250983 -82.4145425
88 23.08898973 -82.39164127
89 23.0474321 -82.26395256
90 22.97229677 -82.34924839
91 23.1120323 -82.40171366
92 23.08696648 -82.41543783
93 23.1268361 -82.42050721
94 23.13314068 -82.40335959
95 23.09229348 -82.46357812
96 23.05923539 -82.44314442
97 23.06719628 -82.51849367
98 23.10932546 -82.38850747
99 23.11986761 -82.39657833
100 23.10905508 -82.35851161
101 23.12334573 -82.37774207
102 23.09777323 -82.37572504
103 23.05862339 -82.3900607
104 22.96465748 -82.39062875
105 23.16072127 -82.28521658
106 23.02379645 -82.40620183
107 23.061698 -82.34685375
108 23.08404999 -82.41951479
109 23.13502535 -82.36552192
110 23.07995629 -82.37430568
111 23.10840364 -82.37567044
112 23.1010837 -82.37283907
113 23.06089513 -82.19431831
114 23.12637822 -82.37137847
115 23.0718733 -82.32886762
116 23.07013618 -82.46509761
117 23.13869287 -82.38035019
118 23.06652059 -82.43498381
119 23.1374004 -82.36566676
120 23.0889502 -82.38449587
121 23.08921673 -82.45787574
122 23.11708771 -82.37477098
123 23.00749361 -82.41380571
124 23.12216083 -82.4061675
125 23.14214776 -82.37649463
126 23.10495646 -82.37286078
127 23.11499228 -82.41735128
128 23.02130584 -82.49413039
129 23.08400558 -82.38594963
130 23.10073062 -82.33918017
131 23.00199423 -82.38717246
132 23.10457017 -82.36770666
133 23.10216476 -82.38114311
134 23.09948052 -82.22063972
135 23.06332696 -82.43445883
136 23.04957535 -82.44774772
137 23.11972435 -82.29694765
138 23.06562365 -82.4659248
139 23.11575125 -82.38840141
140 23.17349967 -82.26402713
141 23.13455992 -82.37234635
142 23.14975392 -82.30534871
143 23.03901214 -82.37254614
144 23.1036612 -82.37239154
145 23.06225517 -82.36230303
146 23.08241153 -82.37027023
147 23.15990254 -82.27449311
148 23.11795573 -82.39326138
149 23.13437154 -82.17686607
150 23.03257415 -82.24981142
151 23.0431226 -82.35855212
152 23.1273874 -82.37711711
153 23.08910323 -82.38695009
154 23.09751184 -82.4279193
155 23.05999024 -82.47485949
156 23.06068619 -82.42794808
157 23.12770409 -82.33139533
158 23.07829085 -82.35324277
159 23.15240882 -82.30621292
160 23.06794821 -82.35853207
161 22.99986236 -82.4127288
162 23.08798341 -82.37390252
163 23.11220293 -82.36693189
164 22.98350916 -82.47211313
165 23.0836589 -82.48922808
166 23.1350819 -82.38777353
167 23.00327152 -82.49612147
168 23.10653791 -82.36740774
169 23.10251263 -82.42743267
170 23.0983508 -82.43462983
171 23.1275830 -82.40587647
172 23.09338502 -82.33468453
173 23.09502811 -82.37956945
174 23.11484451 -82.29810068
175 23.10469107 -82.36775352
176 23.137356 -82.38731755
177 23.09131889 -82.35566749
178 23.08802252 -82.34902634
179 23.09640985 -82.36235328
180 23.11076301 -82.32610493
181 23.11062769 -82.35909076
182 23.12314968 -82.39406698
183 23.10702418 -82.37056164
184 23.10111231 -82.41111505
185 23.13343278 -82.40450324
186 23.15409755 -82.27869364
187 23.10483435 -82.43474478
188 23.11576781 -82.3947728
189 23.09978417 -82.3850778
190 23.11247903 -82.38419427
191 23.06275142 -82.45213602
192 23.06637152 -82.29973894
193 23.01471663 -82.49837731
194 23.13248595 -82.37313227
195 23.08752513 -82.42048343
196 23.07423055 -82.46471227
197 23.06077746 -82.45111591
198 23.09383493 -82.37137824
199 23.13266348 -82.40455058
200 23.11505761 -82.39230736
201 22.9787525 -82.37961961
202 23.02549581 -82.40301432
203 23.09647877 -82.31447322
204 23.08004387 -82.39066015
205 23.09357042 -82.33401521
206 23.07724649 -82.3637613
207 23.10437431 -82.43281809
208 23.12654062 -82.3705485
209 23.09908443 -82.3700437
210 23.08919259 -82.31112863
211 23.02174615 -82.40922441
212 23.09047446 -82.42012729
213 23.10346293 -82.36769738
214 23.14136981 -82.39864802
215 23.11359369 -82.39398166
216 23.11804721 -82.40373872
217 23.09763837 -82.38017707
218 23.09741302 -82.42913185
219 23.04564656 -82.27544862
220 22.99396299 -82.39470436
221 23.110843 -82.40024987
222 23.06917885 -82.44413892
223 23.10541893 -82.36820579
224 23.10328433 -82.40216605
225 23.10371514 -82.4265659
226 23.09948086 -82.3746249
227 23.11436946 -82.38732325
228 23.0103963 -82.4731536
229 23.08955018 -82.48204561
230 23.14604495 -82.31045945
231 23.09234585 -82.36079409
232 23.16415712 -82.14946833
233 23.1159322 -82.41040778
234 23.13569607 -82.37784918
235 23.08772804 -82.34853817
236 23.03979742 -82.33684058
237 23.09218739 -82.36793591
238 23.13879148	-82.38704397
239 23.04603114 -82.3299451
240 23.06850565 -82.42874291
241 23.09062612 -82.48450613
242 23.09001179 -82.37965492
243 23.11880161 -82.3050442
244 23.14304848 -82.38467289
245 23.03567441 -82.46777488
246 23.06002714 -82.38092141
247 22.99717842 -82.39432433
248 23.06278386 -82.45135261
249 23.0546638 -82.39018912
250 23.1402664 -82.3904825
251 23.09158536 -82.38491966
252 22.97220279 -82.40118459
253 23.05545917 -82.4659626
254 23.12395255 -82.39367439
255 22.98354226 -82.47119957
256 23.1053177 -82.37186266
257 23.12089888 -82.37863443
258 23.13610796 -82.17394782
259 23.09745744 -82.37005388
260 23.08814342 -82.38692327
261 22.99173085 -82.38883537
262 23.05511976 -82.45419464
263 23.12963573 -82.33376457
264 23.11523055 -82.38701732
265 23.13342559 -82.36983579
266 23.07880101 -82.37873294
267 23.00834322 -82.4047777
268 23.12367844 -82.19441844
269 23.09190338 -82.3786355
270 23.09874695 -82.36632658
271 23.14064715 -82.38794733
272 23.10714331 -82.39049329
273 23.0691147 -82.44261916
274 23.08755382 -82.38045752
275 23.04614162 -82.33548194
276 23.10758226 -82.42430928
277 23.05326754 -82.27507247
278 23.13728266 -82.38590135
279 23.11961547 -82.38268543
280 23.12985481 -82.37071468
281 23.05981614 -82.47030406
282 23.06314625 -82.47114233
283 23.13736961 -82.40005744
284 23.06642634 -82.30097456
285 23.07514501 -82.42599303
286 23.10801803 -82.36228476
287 23.09736857 -82.44717465
288 23.11470205 -82.39217235
289 23.08479516 -82.37260832
290 23.09378289 -82.36189557
291 22.98326505 -82.47135485
292 23.11506962 -82.40118323
293 23.1135146 -82.39421762
294 23.10259455 -82.36784274
295 23.12274792 -82.33274665
296 23.11818978 -82.39112754
297 23.14124124 -82.40174784
298 23.10800039 -82.3521774
299 23.07936372 -82.41680614
300 23.14139108 -82.38754822
301 23.02382375 -82.4138938
302 23.07654324 -82.37798394
303 23.13954615 -82.37889657
304 23.10156965 -82.35880216
305 23.10055689 -82.38845455
306 23.13902825 -82.39988281
307 23.11420801 -82.41367365
308 23.09999517 -82.37933522
309 23.01942568 -82.49134971
310 23.00018746 -82.38497502
311 23.11197946 -82.41312293
312 23.11516374 -82.42489432
313 23.09266953 -82.35926942
314 23.1044937 -82.35266878
315 23.09540011 -82.33732542
316 23.11562311 -82.41085366
317 23.12194751 -82.3715199
318 23.09928808 -82.38733365
319 23.01663779 -82.39141198
320 22.98039956 -82.38249399
321 23.07946775 -82.34799883
322 23.11785963 -82.38343908
323 23.0891449 -82.34680753
324 23.06182633 -82.25116058
325 23.00653686 -82.42931218
326 23.11810631 -82.39951892
327 23.0930412 -82.36097814
328 23.08784487 -82.3630078
329 23.09337604 -82.38354329
330 23.13484713 -82.40246812
331 23.09739761 -82.3746142
332 23.12774424 -82.32999696
333 23.11503311 -82.37377115
334 23.13010546 -82.40078329
335 23.08931315 -82.37573962
336 23.09200727 -82.42100341
337 23.1069152 -82.43201817
338 23.06680124 -82.36075804
339 23.06584419 -82.29437426
340 23.08560473 -82.46396972
341 23.10305965 -82.41537859
342 23.08848159 -82.35189798
343 23.17132001 -82.13124706
344 23.05652528 -82.46731712
345 23.06084122 -82.34463883
346 23.10323513 -82.37226131
347 23.11790777 -82.39038738
348 23.10581279 -82.34852745
349 23.05820528 -82.4280036
350 23.13244733 -82.36850917
351 23.12533286 -82.195978
352 23.06675947 -82.44091795
353 23.11432859 -82.39181885
354 23.06686784 -82.28982612
355 23.1640923 -82.13901742
356 23.13971102 -82.38200037
357 23.05304185 -82.40336647
358 23.0830772 -82.38574759
359 23.10178004 -82.43286573
360 22.97374451 -82.39095999
361 23.08288042 -82.38897099
362 23.11252065 -82.37406073
363 23.10815247 -82.42727566
364 23.13977887 -82.3914857
365 23.08132097 -82.45650245
366 23.10787524 -82.39653577
367 23.08558474 -82.30425721
368 23.08853648 -82.38456468
369 23.13142357 -82.36152424
370 23.06879537 -82.44908883
371 23.07676343 -82.50487609
372 23.14710929 -82.30331479
373 23.15880021 -82.27068706
374 23.05453406 -82.46353242
375 23.07816031 -82.43659862
376 23.13845401 -82.3734867
377 23.04243934 -82.25875025
378 23.05080444 -82.39396943
379 23.09490863 -82.39119505
380 23.13247375 -82.36229704
381 23.05840091 -82.36612274
382 23.06030366 -82.40522934
383 23.14108393 -82.36526984
384 23.10211833 -82.35866107
385 23.12827984 -82.30949231
386 23.1351524 -82.37927629
387 23.07832046 -82.44006587
388 23.13389797 -82.17669441
389 23.11885731 -82.28675652
390 23.1153829 -82.23284282
391 23.13931684 -82.39898099
392 23.13351594 -82.37774915
393 23.16532117 -82.11697279
394 23.1345516 -82.39107533
395 23.02372817 -82.40380123
396 23.02104133 -82.4940802
397 23.07122703 -82.40281325
398 23.13659897 -82.40631589
399 23.10394956 -82.42169417
400 22.96421053 -82.39065499
401 23.09669322 -82.34267041
402 23.13066356 -82.39053545
403 23.0903221 -82.38320304
404 23.13286493 -82.39479522
405 23.057441 -82.38373936
406 23.12448657 -82.37313268
407 23.04418889 -82.33455036
408 23.08778335 -82.36480206
409 22.98077451 -82.37967705
410 23.17023901 -82.25895955
411 23.1057081 -82.34662107
412 23.07608402 -82.31735505
413 23.10472034 -82.43292082
414 23.09701695 -82.41280153
415 23.10962988 -82.3690406
416 23.10033535 -82.37706259
417 23.06425777 -82.29693247
418 23.10900144 -82.42596323
419 23.13389797 -82.3682685
420 23.03524989 -82.24951267
421 23.12736667 -82.40347493
422 23.12332107 -82.37906171
423 23.10088063 -82.4240732
424 23.05938556 -82.34391088
425 23.05990017 -82.40454991
426 23.09285218 -82.34695338
427 23.01818261 -82.37256616
428 23.00594882 -82.39751263
429 23.1342719 -82.4052478
430 23.10023935 -82.37703847
431 23.15274852 -82.28130225
432 23.02066611 -82.32157661
433 23.14330847 -82.38445906
434 23.13662592 -82.37329791
435 23.09191199 -82.36993192
436 23.13805892 -82.36250984
437 23.11010904 -82.42434664
438 23.09893459 -82.41612502
439 23.09501103 -82.38874449
440 23.0138036 -82.3725505
441 23.06596571 -82.37435025
442 23.13752865 -82.36380531
443 23.1046412 -82.42643042
444 23.09658897 -82.32770277
445 23.07961731 -82.43247461
446 23.06187335 -82.46966145
447 23.098428 -82.33370327
448 23.10211833 -82.35866107
449 23.05981961 -82.40380051
450 23.06802381 -82.34100653
451 23.07302655 -82.36122727
452 23.12027417 -82.37321159
453 23.13072207 -82.39663818
454 23.08221667 -82.38968326
455 23.11900414 -82.3694166
456 23.09736963 -82.35060006
457 23.1231336 -82.37879349
458 23.09434446 -82.36612466
459 23.16316474 -82.28223593
460 23.12413697 -82.37299544
461 23.12337533 -82.39382459
462 23.10315281 -82.42236861
463 23.05801325 -82.42154914
464 23.0572323 -82.420019
465 23.13009221 -82.38863542
466 23.07842055 -82.36172448
467 22.97436129 -82.382938
468 23.08588303 -82.42669774
469 23.12120953 -82.41411282
470 23.09759347 -82.44925007
471 23.07648165 -82.44110466
472 23.11733481 -82.38471246
473 23.07153135 -82.40246524
474 23.09293227 -82.41741564
475 23.13106458 -82.26592991
476 23.0064386 -82.39727255
477 23.10231346 -82.38311162
478 23.06311948 -82.35266878
479 23.16417599 -82.28516064
480 23.12543759 -82.38388414
481 23.10035104 -82.36376546
482 23.13781476 -82.39420546
483 23.11545362 -82.41980071
484 23.09234585 -82.36079409
485 23.10443503 -82.37257601
486 23.13821444 -82.36750617
487 23.04538749 -82.36479338
488 23.11368076 -82.39268733
489 23.06834015 -82.36472493
490 23.09204963 -82.41872085
491 23.11846 -82.3516
492 23.065141 -82.361482
493 23.091181 -82.345157
494 23.115095 -82.399079